Template: NONE
Clouds: 0.2065217
Grime: 0.2884638
Palette: 909
EffectColorA: 1
EffectColorB: 1
Effects: ReplaceEffectColorA-0.1304348-1091.456-339.2889-Color-0.1847826-0.3043478-0.2282609, ReplaceEffectColorB-0.4347826-1083.63-210.5778-Color-1-1-1, ButterfliesB-0.5434783-1092.879-456.6222, Moth-0.6031932-1095.725-155.8222, Flies-0.4021739-1086.476-516.3556, RockFlea-0.2826087-1090.033-572.5333, Bloom-0.2065217-1091-97, Fog-0.4456522-1095-46, 
PlacedObjects: CustomDecal><653.9604><157.7301><-7.533386~195.234~144.2121~204.8252~158.0236~-9.946411~-206.0546~-473.4691~0~1~0~cartooncat~0.5217391~0.4503665~0.2934783~0.4503665~0.2934783~0.4503665~0.2934783~0.4503665, LightSource><707.4569><480.6953><0.2173913~Environment~-291~-315~196.0001~-597.3975~1~1~None~0~0, LightSource><278.1573><416.3734><0.1630435~Environment~3~70~634~-434.3975~1~1~None~0~0, LightSource><279.9694><339.0524><0.1630435~Environment~3~71~638~-375.3975~1~1~None~0~0, LightSource><78.80963><346.1887><0.1630429~Environment~9~66~830~-400.3975~1~1~None~0~0, LightSource><73.19974><415.7399><0.1630432~Environment~4~65~836~-503.3975~1~1~None~0~0, LightSource><303.9496><244.511><0.1086956~Environment~115~92~609~-350.3975~1~1~None~0~0, ColouredLightSource><426.6122><136.105><416.0001~225~268A52~281^181~0.0326087~True~1~0~0.5~Always~0~100, CustomDecal><-77.14993><144.1731><121~537~824~490~649~-19~14.99997~-462~0~0.2934783~0~rustb3~0.3913043~1~0.3913043~1~0.3913043~1~0.3913043~1, CustomDecal><217.9184><-29.89223><-189~193~515~304~377~-59~-29~-265~0~1~0~rustb1~0.5~0.7934783~0.5~0.7934783~0.5~0.7934783~0.5~0.7934783, CustomDecal><240.6552><277.5739><0~40~372~180~421~-14~-303~-571~0~0.1630435~0~whitetag11(bubbly)~0.4021739~0.2608696~0.4021739~0.2608696~0.4021739~0.2608696~0.4021739~0.2608696, CustomDecal><671.0568><482.3018><-153~105~167~39~141~-11~-763~-752~0~0.1847826~0~whitetag5~0.3913043~0.3913043~0.3913043~0.3913043~0.3913043~0.3913043~0.3913043~0.3913043, 
FadePalette: 0, 0
