Template: NONE
Clouds: 0
Grime: 0.3066685
RandomItemDensity: 0.5773326
RandomItemSpearChance: 0.2077332
Palette: 909
EffectColorA: 9
EffectColorB: 0
Effects: ReplaceEffectColorB-0.1024223-1097-55-Color-0.173913-0.2934783-0.2282609, ReplaceEffectColorA-0.173913-1094-165-Color-0.8478261-0.8478261-0.8478261, ButterfliesA-0.3043478-1096-275, Moth-0.4673913-1093-324, Flies-0.1304348-1089-373, RockFlea-0.25-1094-421, Bloom-0.4021275-1097-472, Darkness-0.1314631-1093-521, Contrast-0.01086957-1113.511-576.0889, 
PlacedObjects: LightSource><1542.72><2660.716><0.08257394~Environment~498.6803~-266.2444~420.8063~210.558~1~1~None~0~0, LightSource><1546.144><2023.375><0.1338773~Environment~420.4719~-139.6445~-557.5854~80.20258~1~1~None~0~0, LightSource><1536.329><1151.86><0.1391983~Environment~382.7645~-124~-629.4428~102.9581~1~1~None~0~0, LightSource><1537.654><418.294><0.1029444~Environment~575.5698~-11.64447~374.4249~206.0692~1~1~None~0~0, LightSource><1540.084><430.1687><0.1648102~Environment~369.2469~16.0889~50~86.60254~1~1~None~0~0, LightSource><1536.323><2675.231><0.2034753~EffectColor1~-387.7447~-33.6889~222.8843~55.31363~1~1~None~0~0, CustomDecal><526.9873><2387.004><-24.18958~172.2667~376.5198~169.4222~379.3657~-19.2~-651.7865~-350.2888~0~0.002411884~0~rustb3~0.2112092~0.5954596~0.2112092~0.5954596~0.2112092~0.5954596~0.2112092~0.5954596, CustomDecal><329.5445><2374.352><-9.960449~132.4445~99.76251~137.4222~102.6083~-6.400002~-495.1438~-170.5556~0~0~0~rustb2~0.2730756~0.5258607~0.2730756~0.5258607~0.2730756~0.5258607~0.2730756~0.5258607, CustomDecal><1099.192><2389.833><-2.134369~154.4889~336.6782~135.2889~127.5094~-4.977776~-1340.135~290.3555~0~0~0~rustb1~0.2680027~0.4639946~0.2680027~0.4639946~0.2680027~0.4639946~0.2680027~0.4639946, CustomDecal><2078.512><2465.471><12.80624~118.2222~336.6781~121.7778~385.0573~-24.88889~917.7814~34.13327~0~0.3426746~0~rustb2~0.206137~0.4175946~0.206137~0.4175946~0.206137~0.4175946~0.206137~0.4175946, CustomDecal><1443.456><1657.744><-7.82605~244.0889~180.8688~245.5111~177.3115~-0.7111053~-720.5489~221.6888~0~1~0~rustb1~0.3221364~0.5181274~0.3221364~0.5181274~0.3221364~0.5181274~0.3221364~0.5181274, CustomDecal><1654.463><848.6889><-19.20935~389.8666~171.6198~356.4444~180.8688~-4.266666~214.2185~194.1333~0~0.2266759~0~rustb2~0.2138698~0.479461~0.2138698~0.479461~0.2138698~0.479461~0.2138698~0.479461, InsectGroup><448.2982><2637.12><-60.47394~176.8~-222.6865~113.0667~ButterflyA~0.5, InsectGroup><919.7724><2594.516><-318.0219~141.9556~-101.7385~98.84445~Beetle~0.5, InsectGroup><2747.814><2560.707><-118.8135~126.3111~0~0~ButterflyA~0.5, InsectGroup><2142.521><2650.09><-171.4614~224.4445~0~0~Beetle~0.5, InsectGroup><303.1559><330.4886><41.26459~90.75555~-474~313~ButterflyA~0.5, InsectGroup><571.51><340.7979><-52.64795~118.4889~-740~237~ButterflyA~0.5, InsectGroup><1542.05><2652.643><-39.84167~231.5556~162.2125~245.3334~ButterflyA~0.5, InsectGroup><1544.887><389.3745><-15.6521~239.3777~194.9396~91.73334~ButterflyA~0.7165315, LightSource><1311.94><2569.768><0.4122734~EffectColor1~2.134369~43.11108~-100.1177~-178.6419~1~0~None~0~0, LightSource><2187.197><2628.387><0.04881088~Environment~11.38333~439.9112~50~86.60254~1~1~None~0~0, InsectGroup><1536.103><1032.519><-1.422913~193.8667~0~0~ButterflyA~0.5, InsectGroup><1530.316><1339.043><-141.5802~180.3556~0~0~ButterflyA~0.5, CustomDecal><1474.134><1728.024><-1.422913~111.8222~118.2604~113.9556~116.8375~-2.844452~-390.5906~47.6445~0~1~0~ant-dude (Epic)~0.3144024~0.1778647~0.3144024~0.1778647~0.3144024~0.1778647~0.3144024~0.1778647, 
AmbientSounds: OMNI><AM_ENV-Outside.ogg><750.8612><479.644><0.5><1, OMNI><AM_ENV-WinterTrees.ogg><753.3621><386.3551><0.4565217><1, 
FadePalette: 0, 0, 0, 0, 0, 0, 0, 0
